0.4468
    0.4239
    0.7985
    0.8749
    0.7488
    0.8642
    0.6500
    0.8942
    0.5363
    0.8849
    0.8749
    0.8527
    0.8642
    0.8527
    0.7662
    0.8527
    0.7306
    0.8272
    0.7664
    0.8849
    0.8404
    0.8273
    0.8272
    0.4250
    0.5397
    0.6344
    0.8527
    0.5398
    0.6297
    0.5170
    0.6066
    0.5828
    0.5830
    0.5828
    0.7663
    0.8849
    0.5115
    0.7306
    0.5352
    0.7116
    0.6917
    0.5825
    0.5123
    0.6714
    0.4403
    0.8133
    0.7829
    0.6921
    0.7306
    0.6918
    0.7116
    0.8849
    0.5118
    0.7828
    0.7116
    0.7985
    0.7116
    0.6499
    0.6282
    0.8642
    0.5870
    0.4464
    0.8849
    0.6696
    0.6697
    0.7828
    0.6478
    0.5116
    0.7828
    0.8273
    0.8527
    0.7310
    0.6711
    0.3745
    0.6917
    0.6725
    0.8404
    0.6057
    0.7665
    0.8942
    0.9109
    0.5841
    0.8749
    0.3730
    0.6740
    0.6709
    0.5348
    0.8942
    0.6713
    0.6680
    0.7306
    0.6059
    0.8849
    0.8527
    0.6918
    0.8849
    0.4472
    0.5351
    0.3731
    0.5349
    0.7343
    0.8849
    0.6712
    0.8133
    0.7489
    0.6558
    0.8273
    0.7308
    0.5176
    0.7488
    0.7985
    0.6712
    0.8273
    0.6917
    0.6499
    0.8272
    0.7663
    0.7664
    0.8942
    0.6917
    0.9109
    0.7306
    0.8133
    0.8272
    0.7662
    0.8749
    0.7121
    0.7116
    0.6285
    0.8642
    0.8749
    0.5118
    0.8942
    0.8749
    0.8135
    0.6917
    0.6918
    0.9109
    0.5118
    0.7306
    0.6917
    0.5601
    0.5841
    0.4661
    0.6919
    0.4424
    0.4894
    0.5148
    0.5131
    0.4659
    0.4190
    0.2712
    0.3309
    0.5136
    0.3990
    0.6716
    0.6714
    0.4892
    0.6057
    0.4198
    0.5601
    0.3100
    0.7306
    0.4193
    0.6282
    0.3967
    0.5639
    0.3531
    0.6500
    0.2717
    0.5364
    0.4670
    0.3972
    0.4240
    0.6061
    0.5129
    0.5137
    0.3747
    0.4891
    0.4657
    0.2354
    0.4208
    0.2904
    0.5602
    0.4195
    0.5832
    0.5828
    0.3515
    0.6717
    0.4896
    0.4895
    0.7663
    0.5132
    0.5597
    0.9029
    0.4670
    0.3308
    0.4661
    0.5831
    0.8133
    0.2901
    0.1611
    0.5132
    0.3521
    0.6920
    0.6059
    0.6281
    0.5600
    0.8273
    0.6282
    0.3529
    0.8404
    0.3965
    0.5609
    0.8527
    0.3308
    0.5136
    0.4897
    0.3315
    0.4656
    0.5362
    0.2708
    0.6920
    0.5834
    0.5618
    0.2536
    0.2533
    0.8527
    0.8133
    0.9029
    0.5603
    0.4666
    0.5833
    0.5131
    0.2713
    0.4421
    0.5616
    0.5130
    0.5600
    0.5129
    0.4894
    0.5128
    0.6061
    0.6281
    0.6503
    0.2710
    0.4192
    0.5598
    0.5366
    0.7117
    0.5128
    0.5605
    0.1744
    0.3977
    0.5382
    0.2709
    0.4903
    0.1368
    0.4894
    0.5131
    0.6057
    0.4653
    0.6282
    0.5132
    0.5601
    0.5616
    0.3763
    0.3520
    0.4189
    0.3963
    0.6058
    0.4192
    0.4422
    0.5834
    0.4893
    0.4897
    0.4428
    0.3312
    0.4429
    0.4900
    0.7828
    0.3320
    0.6061
    0.9029
    0.3739
    0.3512
    0.2714
    0.6070
    0.6920
    0.3749
    0.4427
    0.6712
    0.6714
    0.5368
    0.5142
    0.2364
    0.7118
    0.6501
    0.7116
    0.3519
    0.4422
    0.5364
    0.5601
    0.5847
    0.4428
    0.5599
    0.3968
    0.2725
    0.6284
    0.5371
    0.5367
    0.5832
    0.4429
    0.3966
    0.6061
    0.3742
    0.5599
    0.2948
    0.6919
    0.6287
    0.4892
    0.4188
    0.6061
    0.4894
    0.4659
    0.4659
    0.5831
    0.2529
    0.6920
    0.5612
    0.3738
    0.4432
    0.5370
    0.2190
    0.3522
    0.3517
    0.3985
    0.3981
    0.4680
    0.2352
    0.4659
    0.3100
    0.6062
    0.6063
    0.5605
    0.5133
    0.2527
    0.2901
    0.6504
    0.6062
    0.3964
    0.5367
    0.5837
    0.5834
    0.3306
    0.4893
    0.5603
    0.6284
    0.6712
    0.4428
    0.3748
    0.5130
    0.3518
    0.4423
    0.3741
    0.2900
    0.6503
    0.4193
    0.5372
    0.6499
    0.5135
    0.5138
    0.5144
    0.3736
    0.6062
    0.6500
    0.4892
    0.5368
    0.6284
    0.3735
    0.3104
    0.5600
    0.6919
    0.7120
    0.5836
    0.4197
    0.6717
    0.6714
    0.3972
    0.6286
    0.5375
    0.6058
    0.5130
    0.5845
    0.6503
    0.3973
    0.3742
    0.3751
    0.2905
    0.2190
    0.3128
    0.5137
    0.4422
    0.5827
    0.5834
    0.3964
    0.6285
    0.4659
    0.6283
    0.6286
    0.3964
    0.5834
    0.4675
    0.7985
    0.6067
    0.4906
    0.6062
    0.3736
    0.5600
    0.5828
    0.5375
    0.9029
    0.7307
    0.5130
    0.7118
    0.6510
    0.5601
    0.5598
    0.2181
    0.5612
    0.3969
    0.2030
    0.5117
    0.3739
    0.3745
    0.2192
    0.3968
    0.3969
    0.6717
    0.6062
    0.5136
    0.3971
    0.5604
    0.6935
    0.5129
    0.5831
    0.7116
    0.1885
    0.5604
    0.6058
    0.5130
    0.5367
    0.5832
    0.4896
    0.4658
    0.4433
    0.6713
    0.3304
    0.4189
    0.4196
    0.4427
    0.5600
    0.4422
    0.6281
    0.5133
    0.3533
    0.3745
    0.6713
    0.3307
    0.5133
    0.5364
    0.4896
    0.5366
    0.4904
    0.5130
    0.4197
    0.3516
    0.3750
    0.6059
    0.5604
    0.3324
    0.3517
    0.6717
    0.2595
    0.5140
    0.1615
    0.5603
    0.5375
    0.6283
    0.7663
    0.5135
    0.5834
    0.7491
    0.5372
    0.8273
    0.5834
    0.2530
    0.5838
    0.6505
    0.4653
    0.4676
    0.9029
    0.2354
    0.5835
    0.2030
    0.5366
    0.4195
    0.6058
    0.5832
    0.3738
    0.5367
    0.4200
    0.5376
    0.4671
    0.6282
    0.5367
    0.3738
    0.5599
    0.5129
    0.6062
    0.6284
    0.2528
    0.5369
    0.6925
    0.5600
    0.4664
    0.5607
    0.3519
    0.6502
    0.6501
    0.3752
    0.8749
    0.4669
    0.4894
    0.4191
    0.6061
    0.6503
    0.4421
    0.5609
    0.4207
    0.5131
    0.4195
    0.7118
    0.4661
    0.6714
    0.4187
    0.2057
    0.4718
    0.3749
    0.5139
    0.6721
    0.2198
    0.3736
    0.4905
    0.4900
    0.4201
    0.4667
    0.5609
    0.4433
    0.7117
    0.3741
    0.8405
    0.3740
    0.6062
    0.6066
    0.3308
    0.4657
    0.3738
    0.2898
    0.4426
    0.3967
    0.3530
    0.7663
    0.4422
    0.3962
    0.3529
    0.5604
    0.4199
    0.4894
    0.5833
    0.6713
    0.4428
    0.5600
    0.4889
    0.7985
    0.5128
    0.5600
    0.5369
    0.2188
    0.3736
    0.7489
    0.3739
    0.6069
    0.2902
    0.4190
    0.5368
    0.3326
    0.5364
    0.6062
    0.3110
    0.3304
    0.4655
    0.3518
    0.7307
    0.3966
    0.3107
    0.6059
    0.4421
    0.3534
    0.4422
    0.5598
    0.4436
    0.8527
    0.3530
    0.3755
    0.4195
    0.6064
    0.6058
    0.5834
    0.3754
    0.5374
    0.4665
    0.4429
    0.5376
    0.3956
    0.6921
    0.4431
    0.4188
    0.5369
    0.5131
    0.5371
    0.5137
    0.5376
    0.6071
    0.5604
    0.6712
    0.3737
    0.4193
    0.4450
    0.9029
    0.5605
    0.5833
    0.5837
    0.4895
    0.2900
    0.4661
    0.9029
    0.5130
    0.4431
    0.4663
    0.4900
    0.5602
    0.5132
    0.3106
    0.6718
    0.4425
    0.9109
    0.4897
    0.2533
    0.4189
    0.5131
    0.3305
    0.5609
    0.5399
    0.2717
    0.5602
    0.7117
    0.6918
    0.4190
    0.4893
    0.5133
    0.4421
    0.6501
    0.3739
    0.6281
    0.6715
    0.6504
    0.4192
    0.4897
    0.4659
    0.3739
    0.5601
    0.6289
    0.5607
    0.5832
    0.4897
    0.4449
    0.6070
    0.2933
    0.4424
    0.4201
    0.2535
    0.4421
    0.4420
    0.5830
    0.6286
    0.4421
    0.4191
    0.4891
    0.4655
    0.3968
    0.5835
    0.5370
    0.4890
    0.7985
    0.4667
    0.5841
    0.4433
    0.6060
    0.5382
    0.4425
    0.2905
    0.3311
    0.8850
    0.3970
    0.2187
    0.4896
    0.6926
    0.4428
    0.4428
    0.3528
    0.4894
    0.5153
    0.4426
    0.5833
    0.5135
    0.5602
    0.6062
    0.4667
    0.5130
    0.6061
    0.4429
    0.5604
    0.7828
    0.4667
    0.6282
    0.7490
    0.5134
    0.3321
    0.4660
    0.3969
    0.3103
    0.5147
    0.5838
    0.5610
    0.6508
    0.4188
    0.4897
    0.3100
    0.5143
    0.6501
    0.6061
    0.4656
    0.5142
    0.6284
    0.3745
    0.4423
    0.5607
    0.4892
    0.4428
    0.4666
    0.5374
    0.5837
    0.7308
    0.4421
    0.3326
    0.3526
    0.5137
    0.4196
    0.2355
    0.3969
    0.4912
    0.4458
    0.6713
    0.5836
    0.6059
    0.6068
    0.4659
    0.4901
    0.5603
    0.6284
    0.4655
    0.8396
    0.8404
    0.8749
    0.5832
    0.3973
    0.6926
    0.6508
    0.6716
    0.4191
    0.2717
    0.6919
    0.6065
    0.4917
    0.3102
    0.4422
    0.6058
    0.5133
    0.6282
    0.6285
    0.4192
    0.3324
    0.3544
    0.1882
    0.3751
    0.6504
    0.6504
    0.7116
    0.0904
    0.3306
    0.3552
    0.3738
    0.2715
    0.4657
    0.8527
    0.6071
    0.2357
    0.4892
    0.7117
    0.4658
    0.5135
    0.3102
    0.2901
    0.2355
    0.6282
    0.4190
    0.3105
    0.4201
    0.3970
    0.3968
    0.4906
    0.4190
    0.3528
    0.2902
    0.3520
    0.5367
    0.6060
    0.2913
    0.6061
    0.5136
    0.5598
    0.5829
    0.6061
    0.7117
    0.5367
    0.6717
    0.6503
    0.7985
    0.4439
    0.5134
    0.3308
    0.4909
    0.5607
    0.6502
    0.4446
    0.5833
    0.4424
    0.7307
    0.6065
    0.6919
    0.4722
    0.3970
    0.6506
    0.4896
    0.5366
    0.6292
    0.4659
    0.2713
    0.3969
    0.6918
    0.5831
    0.3310
    0.5828
    0.6503
    0.5379
    0.6715
    0.7117
    0.6506
    0.6282
    0.4200
    0.6067
    0.3964
    0.4660
    0.6717
    0.4906
    0.4189
    0.7985
    0.7116
    0.3964
    0.3960
    0.4662
    0.5363
    0.4671
    0.7828
    0.3763
    0.3961
    0.6921
    0.5602
    0.4656
    0.5145
    0.6060
    0.5364
    0.6713
    0.6062
    0.5830
    0.5834
    0.8273
    0.4660
    0.6501
    0.4888
    0.5846
    0.5600
    0.5598
    0.6063
    0.3520
    0.6058
    0.4198
    0.5137
    0.4420
    0.4435
    0.7985
    0.7489
    0.6057
    0.7985
    0.5370
    0.6286
    0.7662
    0.7306
    0.6920
    0.2532
    0.5832
    0.6282
    0.2725
    0.6285
    0.5832
    0.5836
    0.2711
    0.4423
    0.2899
    0.9029
    0.4214
    0.5371
    0.2351
    0.4191
    0.5604
    0.5599
    0.3125
    0.4658
    0.5366
    0.5135
    0.4198
    0.5369
    0.3317
    0.4194
    0.5601
    0.3961
    0.8273
    0.5597
    0.4904
    0.3314
    0.6284
    0.5364
    0.3519
    0.4911
    0.6059
    0.3524
    0.5601
    0.5378
    0.2725
    0.3979
    0.5370
    0.6919
    0.6283
    0.6714
    0.6283
    0.6717
    0.4665
    0.5604
    0.4192
    0.4430
    0.4192
    0.5600
    0.5132
    0.6918
    0.6281
    0.7489
    0.4656
    0.4421
    0.6501
    0.4659
    0.6060
    0.6712
    0.3745
    0.3983
    0.3740
    0.2028
    0.5371
    0.3101
    0.5846
    0.7308
    0.4427
    0.9029
    0.6285
    0.5364
    0.4658
    0.2909
    0.6506
    0.6501
    0.6503
    0.7489
    0.4902
    0.3980
    0.5128
    0.3522
    0.5604
    0.6919
    0.4657
    0.3106
    0.4660
    0.3101
    0.7118
    0.5830
    0.4435
    0.3743
    0.3739
    0.5603
    0.3963
    0.8273
    0.6283
    0.8404
    0.5610
    0.3517
    0.4420
    0.6056
    0.5376
    0.4909
    0.5366
    0.5369
    0.2920
    0.5837
    0.2713
    0.3305
    0.6283
    0.5145
    0.5833
    0.4208
    0.3962
    0.4193
    0.5367
    0.5602
    0.7307
    0.4902
    0.6060
    0.8642
    0.3743
    0.3520
    0.7985
    0.5132
    0.4904
    0.5117
    0.4430
    0.7307
    0.3744
    0.5134
    0.6060
    0.4424
    0.5603
    0.3742
    0.4436
    0.6500
    0.6715
    0.6283
    0.2709
    0.4219
    0.3967
    0.5597
    0.6922
    0.3741
    0.3738
    0.6065
    0.4187
    0.6281
    0.5615
    0.6506
    0.5370
    0.6285
    0.6919
    0.6061
    0.2712
    0.5603
    0.7489
    0.3313
    0.4662
    0.5368
    0.7489
    0.5145
    0.5837
    0.7313
    0.6058
    0.6291
    0.7306
    0.5371
    0.3962
    0.4674
    0.4204
    0.5601
    0.4682
    0.2721
    0.7490
    0.5369
    0.6285
    0.3113
    0.7307
    0.6058
    0.5367
    0.3984
    0.2716
    0.4895
    0.3962
    0.3738
    0.4666
    0.5832
    0.6059
    0.5632
    0.4435
    0.3311
    0.4202
    0.6510
    0.2525
    0.3970